3312796937
1283169405
89128932
2124247567
2721498432
1902734705
3216088187
3573032092
2141071321
2505347805
965494256
108111773
850673521
3046025210
3266454536
1140597833
726325504
1132165610
379416616
645868022
2943597988
2936977779
4094793232
3507278180
16957679
1443416459
2199849014
3826027864
3490180459
850926714
2630779454
131497505
3099915464
3769327460
1253598158
3124311729
3941809843
2323065910
3069079629
564608453
2330210317
1776687859
610615705
3344614782
1603486349
2507837276
2895381846
784396062
1897659038
3547996249
1864075916
452697409
2653288991
1217952569
2203911972
281592091
2793434642
242425949
2581442637
3287607702
3458407319
50629214
2240457464
2628276619
3902617244
1425423434
1371108568
2403671433
388519951
1440960018
1291496912
1766015606
489559111
330091864
3559159179
3663791761
201418158
1889731719
2689882827
523789084
2351864609
3142776276
3518810874
596066144
854473176
3293724716
3680144005
3573368836
1510336583
1330486616
3241187160
2566596402
1271145836
3746897078
3796478242
4222042472
1398061839
2007481805
708737880
3761293967
1685900285
1271605382
401409270
563890773
3526621930
3619875478
649192971
2830539376
1649758988
2557393628
4055568864
1874124862
4241819126
1530083513
1959813105
2521708111
3548170604
641974504
1079643690
735464173
2565691705
1705808619
3877632865
2739981106
2295908909
1599961000
2534895577
10336969
168713893
2357148288
1534083986
545339927
341935619
342706973
1311940368
1009483092
1420428626
2834527856
3323575822
923216947
171623503
872078579
1844654865
1644393138
1352600629
965821337
2733708654
492412848
1487549674
2504039185
185101728
999185745
3779206889
2390227408
3278093353
2249750618
3771396364
1507354098
1793188126
3029376209
2600935825
3524895740
2205322384
577943680
2567688863
2597279077
1126207689
1216112576
1292232436
2175005052
109091238
165186302
1301643798
1427836512
1039707970
1170499
2394780094
2854673503
2428834147
1621095323
2040677458
3210840126
1257557750
603768397
275956218
1666659691
4203996208
3721553269
1459034077
4109653741
2126217675
2089732081
4196529779
454979030
1893109157
1460449035
1366971285
3588749217
2232511071
1999056555
2483077080
398813920
3667617509
3670883401
292475560
1448512869
1995144619
2603380459
3358445914
483890759
3086375560
2336120533
2516945224
3095806364
159319295
3718648685
1506057758
630076539
2418885593
444018329
1287329998
2106916305
2200458453
125325246
2892518413
2554908329
683731873
884099588
216799959
871032158
1450908188
3625493031
464130395
264425575
768381705
2144179463
3804598422
1067157536
1569230595
1405072905
939607220
12524492
3231946436
1268914334
459044294
4238656494
3198046584
1023631220
2017712458
3149913886
2569488521
4132604162
634023873
3502355962
790423537
2981682150
2770563699
904932842
208855693
2224123339
1067782580
4078801541
2329626845
2989185007
973984084
3885505456
1638150078
2782676778
3960959650
1483061416
3974377518
281311136
2434172407
947589470
2291240022
590013626
63823301
3196726648
4200045357
1489025042
2461140402
2481049072
3400570412
723070337
2411870527
163087211
3768126157
3509747218
2509101979
3489509971
3044486821
809324999
637946328
1602290791
1840181903
3196280887
2980235142
799928108
449338377
1777248050
1888090112
992160300
713832772
2807289102
2177456621
3282964597
3517732228
3585778566
387005482
911447241
3436269100
4131615088
2427199227
1121589220
2531229146
3709864742
850835860
544921481
1873113640
1593012880
1270896971
2885930407
161308986
4010864849
131790375
2400455217
1946071167
2888146913
3199166859
330949838
2393565546
1073253199
1654050325
1527210437
721867184
100640060
3600304954
4016348557
2572907880
900215299
3361734559
2477221068
3644319191
2495579281
2590565277
1004683717
3354629810
2074379827
2644569748
2349533189
90903799
3744405356
3223220934
4140503229
756095208
694112144
1969303550
72542922
2203845252
73143190
2078853907
853989973
3626609353
3859225891
750819960
3375225123
62856304
2946012427
3645413929
1402446134
3189763026
1754453011
1961500969
2464766929
1790565053
4237706
501349412
3220592128
1454615803
3224829086
406557502
1646143061
3074470176
1601758698
331079272
3619291089
884549628
3261153549
2464350147
712030454
1261996924
3239076767
2816324896
2559774432
3451299750
3980613797
1508450511
1782837435
401323367
415993364
3493165983
3848948825
3370976892
3049202944
1689722208
1816795417
3712909887
1268603890
1649399611
767031554
1105107486
3987859473
3562254139
1194214598
3162739647
1922894934
2180129309
2619386986
2767361735
1549579612
915629331
1912315385
3847040640
190095751
4148707579
1062985181
1361511338
1997732439
3717520185
3792101114
1332658384
777048066
108507810
1529757754
211291596
1309928074
792966223
3118570400
296495941
1151548152
1105848539
1482604688
3923803653
1519223673
1966448703
1130066771
559255371
2331160234
3478458233
1100148134
1732889785
1313561735
104937432
423788256
3680061289
3527749158
1178087278
1762730544
3045586929
1756608155
1528030573
2315112768
3411531441
2612065754
3627610377
2442440987
2311326004
340875610
2401258297
4239476656
526176369
1571325290
1621959703
1325315481
1841455763
1725581872
2195624424
164887265
3830091084
224240203
1289394781
900392222
1702704927
1147258012
3407082597
86676431
1770712276
1765771413
794000084
2322317539
3608834734
3107329966
2445002029
3793688030
257913684
665565332
4247366065
1963868449
982612610
4161422817
2640123745
1348218082
1580662540
4059244524
3447896402
1158499822
2695357645
213116994
3527097893
2712257183
1238037816
1621607633
1180236119
978575825
2581498238
1021810743
4030887777
1053045322
3037814520
2845814799
1131307983
1496818512
525428774
1652889015
1970205557
3523654705
4186787802
3844091522
2923044678
1172331233
830018437
3758135240
200743453
3771317744
4091574547
3377256473
3687869455
24090806
3555817059
1086446048
4139921234
830502584
2572412457
1764897114
3998253082
1918588362
630367240
3409107420
489455776
3106263367
1597851991
456644
3292350678
2421242894
1379294499
3558515156
2740339823
10183333
39604335
1356299838
2334164547
3056023054
1450645157
1401755449
3856985038
1814848108
4040305954
1798847411
1649790770
3730397362
1701312981
465276942
3853788024
2463671732
252640158
2586470481
1741090790
306117130
559099709
1308473623
373530753
2024497692
3367100986
1841576202
1308132599
3281183243
2508500865
1028325885
3772983506
2548072441
3782973090
927660151
2581078667
1411136558
2771232074
293229220
243216262
3116659263
1277684471
2629550396
2971149315
502532402
811875315
2952216635
3448891129
622850210
2210893461
4134027664
3252518759
3338384530
763596861
3879858870
354851450
3368883132
2070483349
2184793470
2271410135
566809683
2990621255
987026576
879444419
2648903334
2883522203
3302587872
